0.0226015
0.668428
1.02202
1.56637
2.23618
2.49815
2.68165
2.87846
3.16907
3.16516
3.51344
3.55386
3.54114
3.54966
3.76758
3.9146
3.68156
3.7553
3.97706
3.90998
3.61342
3.74207
3.4036
3.6562
3.65809
3.58784
3.49955
3.29636
3.3756
3.23638
3.14748
3.17586
3.09083
2.93363
2.99472
2.85885
2.87929
2.64701
2.74893
2.74597
2.5219
2.41972
2.35214
2.42619
2.26474
2.19153
2.38837
2.15604
2.13371
1.97894
1.90967
1.96238
1.99147
1.98667
1.97313
1.68596
1.79503
1.70875
1.5391
1.56401
1.58729
1.46016
1.5221
1.54248
1.47787
1.52171
1.30046
1.32374
1.27181
1.47071
1.07067
1.10698
1.06117
0.976801
1.04044
1.02142
1.08414
0.992136
1.00057
0.776963
0.857498
0.81158
0.893213
0.736069
0.799812
0.693223
0.798902
0.751502
0.623812
0.604979
0.760019
0.511233
0.725073
0.56574
0.539562
0.53399
0.564323
0.587096
0.562164
0.449061
0.552111
0.625239
0.697363
0.604126
0.306008
0.440773
0.399859
0.493524
0.425926
0.528163
0.374641
0.283027
0.510759
0.263824
0.319978
0.236367
0.373603
0.106249
0.207557
0.287279
0.201025
0.462639
0.349827
0.168354
0.182921
0.0941698
0.175938
0.222532
0.261809
0.204621
0.0214754
0.143268
0.263981
0.243901
0.332064
0.42715
0.181383
0.357908
0.110269
0.116216
0.0370258
0.293772
0.213852
0.088255
0.0568292
0.105556
0.126531
0.208743
0.111816
0.0613843
0.210963
0.0734136
0.182418
0.183184
0.0235313
0.038026
0.124448
0.138819
0.0837806
0.108481
-0.0162512
0.0623458
0.28226
0.0787639
0.137284
0.0680357
0.00878099
-0.0194901
0.159048
-0.0281812
-0.0513362
-0.188819
0.114857
0.238248
0.105065
0.0918475
0.20488
-0.0289781
0.139356
0.161291
0.0376138
0.142228
0.15838
-0.030905
0.0121041
0.166092
-0.0273268
0.10569
0.0256212
-0.0268871
0.145852
0.0105113
-0.0848737
0.00712013
0.180407
0.19278
-0.0134224
-0.038213
-0.0369741
0.122341
