0.577600
21.601473
29.019943
1.798319
5.469704
-2.755400
0.052576
15.706676
0.771998
5.240939
6.247155
-0.616216
0.870149
15.752954
1.359876
5.941804
5.329381
0.495517
-0.532983
15.064651
3.195044
6.250567
5.944366
-2.512208
0.570227
10.022036
0.169627
3.567873
1.229317
-2.867616
0.031159
15.110063
25.074297
4.650456
2.701729
-1.312707
-0.106614
23.193447
26.678404
4.527421
5.219022
-1.725416
0.045709
3.076573
24.963091
5.440131
2.509335
-1.813018
-0.388577
27.534359
18.864016
5.443779
2.945781
-2.440988
0.339574
6.479955
24.288528
6.099709
3.995519
1.603917
0.952565
3.816564
6.065227
1.864425
5.287228
0.328286
0.750801
3.261354
8.387241
6.174683
5.653056
1.125545
0.624319
11.237654
7.876438
5.696278
2.887692
-0.224160
0.495762
22.268568
2.971603
1.935492
1.093863
-1.616383
-0.088114
18.177361
28.852997
5.040695
5.467484
2.481462
0.561616
2.972352
23.085445
2.819255
2.946328
-2.889457
0.303847
4.795934
19.199503
4.553783
4.051245
-1.235771
-0.316381
14.726977
2.762640
5.401316
5.492499
0.398641
-0.699618
22.660795
11.898489
3.283625
2.268683
1.403774
0.554162
7.095951
3.986942
5.815505
1.409519
-1.429777
-0.933707
26.264376
30.794994
6.377307
6.025429
-1.313847
-0.535713
18.055281
0.519930
5.622128
3.887083
1.743745
0.437532
24.943176
10.685729
1.417190
2.550190
1.464143
0.334090
6.432595
27.048084
2.490919
2.325064
-1.721814
0.394385
6.657856
24.937044
3.716302
2.008973
-1.419316
-0.952981
10.770860
27.500385
1.591228
5.924106
0.610684
-0.122389
9.990716
13.737630
6.241401
2.746028
1.004275
0.091758
22.477201
30.570715
5.456508
5.437026
0.503358
0.953013
21.202217
9.892969
1.661127
6.341468
1.615726
0.947205
19.163263
22.547920
4.729686
2.824512
-1.863106
0.844208
29.557899
23.555462
4.318159
4.664464
-0.647280
0.102071
0.850912
26.078657
1.100764
6.211559
0.757680
