0.432258
9.584546
15.225991
2.320736
6.258527
0.454891
-0.865841
1.605687
8.617849
5.495692
3.555595
1.396821
0.547777
27.176285
16.850027
3.750247
6.196303
-0.195773
0.969744
27.881927
10.215517
3.941924
5.443969
-2.196109
-0.548912
30.770592
11.632030
6.065097
1.805447
-2.692485
0.687633
30.256578
24.330170
3.276420
3.253966
2.691333
0.146157
2.516343
25.318159
5.918881
2.762013
-0.095106
0.189159
4.133288
5.038236
1.235905
3.444767
-1.608880
-0.997332
24.009691
21.023001
1.685246
4.550641
-1.135813
0.180273
12.101820
17.902763
4.672698
4.786170
-0.862270
0.899917
3.178342
9.372727
2.039593
3.130594
-1.089151
0.814366
31.084347
5.840411
4.806106
5.603922
-0.982613
-0.604621
29.332090
4.797794
3.933302
5.946200
1.808178
0.849514
13.292219
26.212521
3.896999
5.531520
-1.765826
0.098570
28.973284
0.397683
3.774417
5.033665
1.785993
-0.148721
13.391823
13.868372
6.280590
3.441143
-0.169567
