-0.895199
21.478708
22.422661
3.222237
1.766807
-1.073352
-0.182988
29.802006
31.045740
4.835746
5.619335
-2.804236
-0.024048
20.176876
23.217392
1.194837
5.123890
-0.623715
-0.310250
6.083305
13.671605
3.198356
2.914400
0.929487
0.465481
2.607549
6.643587
6.249298
2.972217
1.773838
-0.956880
8.928908
2.122509
3.166800
3.960179
-1.758865
-0.486422
29.333801
7.077249
3.884535
1.252521
0.889935
0.004723
5.935467
25.390465
3.935660
5.814003
-2.914716
-0.327799
19.040562
28.501394
5.227272
1.007491
2.349812
-0.709011
21.059427
6.973841
4.614518
1.350986
-0.937974
0.985660
7.983645
24.314489
2.042580
6.260401
1.291261
-0.291743
6.871168
30.729515
1.737345
1.270860
-2.944995
-0.860496
9.003899
4.108119
1.480329
6.087658
2.344536
-0.657293
16.119905
26.945915
5.520982
3.432379
-0.681790
-0.723572
19.962004
4.952001
1.694616
4.737698
1.460039
0.506819
20.187782
29.311747
3.460448
1.644031
0.961443
-0.102430
11.905827
31.364912
1.484983
5.976604
-0.532727
-0.129884
1.178769
10.158598
4.550048
1.341395
-1.398803
-0.634689
4.158188
14.031264
1.254582
5.051611
-2.086383
0.141216
7.574617
22.166986
3.047339
3.547163
2.564274
0.778068
29.692730
27.090555
1.302664
1.076503
1.284030
-0.187235
7.478546
20.431009
3.017453
5.607693
-0.265750
-0.756134
11.530159
2.537499
4.863650
2.498991
-0.147160
0.835485
25.490509
1.101539
4.919050
2.273096
2.807758
-0.221310
28.501438
26.939342
5.861402
4.239099
0.355557
-0.961858
28.558653
24.165705
6.298270
5.904414
2.780314
0.211512
3.816126
6.800931
3.915978
4.839518
0.984683
0.259751
22.138071
2.844815
6.335760
3.282421
-0.531565
0.934076
15.589642
31.400980
5.292367
5.068265
-0.183674
-0.321958
11.475174
11.790368
6.020997
2.031342
0.221512
-0.520233
31.541203
9.173425
1.624390
1.268579
-0.644020
0.973901
16.159119
24.649292
4.169126
5.912502
1.066643
