0.588920
30.347834
21.381304
4.023237
2.199003
-3.139940
0.793857
26.422815
31.761108
6.373241
3.961647
2.028150
0.216969
17.158548
2.560258
4.014356
4.209812
-2.800072
-0.158926
11.468719
31.751898
4.751751
4.143051
-1.043744
0.975910
20.958229
20.680958
4.672445
2.746836
2.483272
0.256829
21.253365
22.267248
1.595200
1.567237
-1.976132
0.224042
26.041332
25.056959
1.484203
2.941142
3.015351
-0.436972
12.370874
9.521376
3.051278
4.855351
2.234426
-0.462815
1.347711
2.875705
2.425768
3.399682
1.984048
0.453041
22.171167
10.464998
5.966532
3.534808
2.583701
-0.030783
3.127971
16.783642
1.970574
5.263272
-1.823148
-0.790268
21.281096
11.655846
1.390946
2.021317
1.470154
-0.453852
0.561389
10.645728
4.884774
5.253261
1.798360
-0.049826
31.089531
28.090073
6.028973
5.388345
2.755253
0.009943
28.373232
14.613787
4.554016
1.303206
3.002257
-0.629715
23.341496
6.096216
3.347110
4.893869
3.107974
