0.334497
27.301329
5.222463
5.376482
1.172086
-3.100784
-0.643361
11.276173
16.625456
2.367235
2.900047
-0.450058
0.028889
0.155696
3.508730
1.988993
1.761575
0.082431
0.642719
3.075063
30.949617
3.262332
4.763308
-1.581739
0.108285
9.753879
20.705011
1.243729
2.189815
-1.434651
-0.326535
20.240444
1.116737
2.367024
5.830086
2.787509
-0.604117
24.917126
22.595112
4.589128
5.500069
2.271250
0.379619
11.022929
18.398905
1.664645
3.914881
-1.598759
-0.827796
15.287498
29.827457
4.987009
2.413012
3.037791
0.800853
15.009228
11.652640
5.304879
4.901848
0.515793
-0.984750
0.886791
12.029534
4.657357
2.885121
-1.191029
0.850465
17.705154
31.123747
3.798745
3.203838
2.486141
0.639093
27.211050
25.235069
4.314117
3.712729
2.230566
0.327553
17.549326
0.457781
4.721642
6.255636
-1.533740
-0.776781
4.793600
10.239440
2.175496
5.729327
1.352280
-0.238999
28.679781
3.211407
4.508155
2.689738
1.618955
-0.359199
22.776075
6.168693
3.077123
3.280633
3.035133
0.557657
27.675949
0.656705
4.780934
3.802521
-1.708120
-0.097114
18.310869
19.176085
5.116185
5.782761
1.708240
0.685033
27.061209
17.211946
5.800270
3.649984
0.708555
-0.253505
9.616215
1.077295
1.091228
2.863329
0.451195
-0.009799
31.030107
5.862078
4.085224
3.033098
-1.831393
0.351352
9.686927
23.509314
1.775872
2.329442
0.633300
0.696700
25.288103
28.305674
5.332904
1.523091
1.962775
0.083756
29.897106
13.706242
5.668451
1.397457
1.684871
0.810287
19.947495
21.296713
4.183556
1.326165
1.850236
-0.200125
29.801414
22.916889
6.270265
4.991460
2.674872
-0.846533
26.198587
9.318434
4.095103
1.098947
0.098369
0.366592
15.328612
24.473783
1.391134
4.220588
-0.757124
-0.674875
30.603016
26.506165
2.957074
1.161766
2.660554
-0.958163
17.696842
5.312817
2.201240
5.407737
-1.163569
-0.520050
28.399094
11.529093
4.674345
1.340106
2.275720
