0.047321
29.444086
21.729658
5.744769
4.115931
1.217646
0.157400
1.587252
20.087538
4.503775
2.927784
0.338107
-0.184384
0.284660
9.933349
6.237059
3.140553
-0.986621
0.479220
11.564543
13.230303
4.549045
1.508781
1.073762
-0.514095
14.735215
4.958341
2.786571
2.896243
-2.396118
-0.693767
7.291210
18.039999
6.365731
5.019672
1.126763
0.336328
29.624470
23.833414
2.407989
6.365709
-1.147762
0.961957
7.624404
22.799526
4.816436
4.901854
0.708956
-0.675399
0.572337
30.017498
6.221807
2.131964
0.330158
0.664877
0.485614
29.034985
4.300153
3.482999
-1.928861
0.464401
5.144597
14.394823
2.642074
1.616722
-1.511518
-0.373182
5.345378
3.896372
1.408221
1.345827
-2.563445
-0.675358
31.208050
7.870338
1.663669
2.563042
2.275939
0.664753
28.804646
20.667051
5.473893
2.802056
0.638401
0.273955
28.415989
9.294430
1.390817
6.089229
-0.452067
0.965779
22.762966
26.635958
4.764192
1.564598
-2.821037
