0.463625
9.090451
24.880475
3.182239
4.295094
-5.736604
0.738354
-0.752635
10.071812
3.681866
5.490712
0.498757
-1.091671
25.595124
13.223568
10.413540
3.888879
3.660508
-0.819208
15.932116
8.064752
1.288611
5.246730
1.557379
0.926432
17.384180
16.515175
2.244861
8.472839
1.565452
-1.460910
3.760340
9.369512
6.244151
3.800366
3.875026
0.486455
15.326491
24.205248
5.263366
1.904592
3.178286
-1.192299
3.662443
15.930953
4.503499
4.814621
-1.190877
0.040517
1.393040
26.911558
1.522291
1.956318
0.346085
0.151749
23.871118
1.407253
4.939810
2.950468
5.870219
-0.014966
12.768383
23.650145
5.827490
1.856745
-1.041651
0.329450
6.391066
16.165369
6.241903
3.852694
3.430869
-1.378057
15.430569
14.149473
1.897236
4.090849
-1.710519
0.626208
17.195292
29.387627
4.038106
13.212356
-0.963704
1.155533
7.744755
5.007667
6.886362
8.726227
-0.232010
-0.520614
10.796885
4.869872
5.026065
3.135721
0.159017
