-0.429304
26.757015
10.796414
10.697695
5.230790
-1.807222
-1.160351
28.704379
10.775319
4.883287
3.415560
-2.887532
0.827516
15.862206
18.482148
4.984872
10.029135
-3.051836
0.055130
-7.305668
1.880797
2457.064179
3.724818
-2.996534
-0.350691
3.816005
10.621366
24.805611
4.545115
2.746957
0.496391
9.397939
24.642515
4.359550
6.339813
3.107907
-0.200690
-0.940200
17.600621
2.230854
11.763075
-0.604749
0.224776
25.212633
11.104349
4.136656
1.230999
-2.875943
-0.165307
29.924690
28.360352
2.916476
14.882916
0.714528
0.512101
14.014796
17.733291
1.074189
3.032960
1.441938
0.126225
17.066094
-1.030127
-2.623250
4.687497
0.530346
-1.092669
21.187621
14.157150
3.305575
4.012759
2.877735
1.045067
14.476563
10.545841
0.790940
3.870734
1.601623
-0.171255
-1.178364
18.431578
4.893192
13.549535
-1.792429
0.487590
10.053856
11.949423
3.291445
2.083449
1.800562
-0.526262
20.223904
6.386636
4.590310
7.230654
-0.931937
0.820004
25.609038
5.552659
7.346088
4.532668
1.909268
-0.653249
18.301485
20.874497
4.481969
1.137387
-2.965041
-0.248096
13.350151
28.378582
1.648018
3.974871
-4.193155
0.426099
21.668462
11.855860
2.547168
0.662296
2.834573
0.536301
10.134953
16.002194
2.537827
1.043860
0.393543
0.455037
-0.450134
6.423006
3.884199
1.572631
-1.789063
-0.826689
10.254913
9.913402
4.753796
3.573228
2.622898
0.384501
26.255153
18.005278
9.432991
3.302796
-0.107533
0.036796
19.835377
14.748639
12.926533
8.241255
-1.569585
0.834588
21.047160
15.079043
2.737771
4.152064
3.113647
0.539454
3.535243
0.172756
4.587173
7.698396
1.770794
-0.788775
15.744108
15.612377
3.147418
5.797819
2.342281
0.259624
13.475454
29.312851
9.491108
2.111931
0.580617
-0.161283
2.506106
18.437123
1.779406
6.526177
-3.000443
-0.540494
29.375487
30.382501
4.397981
5.298339
-0.515597
0.944704
27.259519
26.982148
5.950299
4.632940
1.242628
