0.524439
15.454968
29.736874
4.755619
5.580613
1.036100
-1.841236
14.237087
11.427060
6.941932
3.198862
2.821406
0.364785
28.235642
21.458478
3.611558
5.969105
-0.555918
0.420372
4.188224
13.643787
3.420503
3.887274
0.430327
0.104175
13.244479
10.734417
2.980306
2.972682
2.836231
-0.338456
11.297825
19.931877
3.653389
2.030012
-3.000148
0.032484
27.811106
19.289129
5.888565
2.649055
-1.081235
-0.890658
30.455502
11.088990
3.957602
2.803530
-3.098558
0.250534
24.478054
6.110719
2.037346
5.509156
1.824054
0.311730
3.915339
24.553693
4.187434
5.882033
-2.477493
-0.192472
1.863133
26.603812
4.382043
5.344674
-1.847495
1.292715
8.373960
16.249343
5.493475
3.168293
3.081646
-0.581485
22.336610
8.542211
4.706274
4.853749
2.978396
1.632993
10.856490
10.428951
2.227736
4.111257
-1.538861
-0.163823
1.152639
25.015007
5.410708
2.959031
-1.885584
0.239490
0.888476
26.025190
2.240054
4.848122
2.536280
-0.187503
30.889809
28.478625
4.440131
5.946269
-0.990438
-0.346708
17.069655
21.284210
4.318536
2.746449
2.832556
0.081939
5.387672
17.642200
1.420200
5.307011
2.916053
0.481813
9.603818
21.965793
3.299508
6.003732
-3.270046
0.515501
20.339409
2.025468
3.813780
5.773863
1.594741
0.865868
2.012460
4.942618
5.708304
5.343934
-0.817493
1.133901
18.061656
10.868674
0.982937
3.821948
1.421898
-0.300761
27.619838
5.221570
4.710948
3.124496
-2.877842
0.697808
19.769700
24.864177
1.950349
3.944246
1.614709
0.439061
20.374401
15.640795
3.496384
4.739051
1.862453
-2.033369
4.807443
13.823367
4.709062
5.457012
-3.235496
0.228651
9.967583
0.976508
2.543699
2.061280
-2.987343
0.409327
21.743989
31.710422
3.553181
6.005214
-1.163423
-0.269077
25.341572
13.760055
1.516721
2.357133
-1.581910
-0.151123
20.720369
29.241224
4.458862
4.382472
-0.913571
0.044052
25.674322
6.529531
5.935942
3.477430
-0.995385
