0.390849
13.463019
0.720412
2.910427
7.471370
1.749357
-2.067910
21.610043
11.096506
8.095779
3.740811
0.032653
0.101774
15.912891
25.387137
1.311930
17.757416
2.920355
-0.140252
25.222212
9.513320
5715.120735
6.393439
-2.815833
-0.487727
20.386176
16.065246
4.103016
13.210071
-1.276966
1.040687
25.724810
12.014388
4.537884
6.093750
0.534973
0.716689
14.290210
11.078790
3.614341
6.421126
1.872740
0.688689
10.078634
23.457802
9.025280
4.294696
1.521874
0.649554
19.524124
27.744639
3.230984
4.611501
2.129662
1.228119
16.341154
10.567064
3.640173
0.833331
-0.042144
0.682396
14.409312
17.456602
1.262133
4.952543
1.464619
0.576040
-0.848026
0.705246
18.387496
3.864327
3.705283
0.610133
21.426177
13.258952
2.240597
3.093067
-0.473858
0.409886
18.076869
23.852786
1.037442
4.998150
1.733591
-0.722213
5.041410
10.413971
6.111488
2.950186
0.887694
0.200356
24.396184
29.326792
2.046678
957.968685
-0.519343
