3.475347
1.944904
11.051405
4.888864
15.814369
-1.449983
2.399612
33.837825
21.700761
10.985040
3.191021
3.699315
8.366723
21.519239
16.277466
4.182381
8.496024
2.318033
-0.425983
13.842646
26.503271
1.997669
4.409545
1.670047
9.501472
27.180428
19.268859
6.608145
3.478889
0.492056
3.175986
20.660809
17.181100
7.319456
1.872532
6.470103
-4.177219
2.861368
10.862992
8.476631
4.989090
-5.961061
-1.757368
29.284510
6.728021
5.878208
3.641618
0.404347
2.051247
18.710198
14.372822
7.937308
1.547509
-6.063505
1.102190
10.319862
16.495139
4.756332
1.780996
-0.267667
0.798618
2.641484
1.794932
4.329194
22.783970
-4.280648
-12.685159
14.945485
11.832756
3.514718
1.141173
-3.090311
1.015037
11.875802
14.615101
0.759486
1.498179
-1.342646
0.645385
8.338177
21.867071
3.011041
3.162623
-2.546085
14.154124
15.007717
11.767558
1.243530
3.823744
-4.654768
-15.964792
23.621347
17.192661
5.478365
7.883430
-7.745019
