18.940794
7.592308
14.092141
1.634513
4.914174
1.600429
-1.438278
29.352444
9.713993
2.024829
3.562955
-2.029070
-0.914142
1.468721
9.412329
0.193346
4.752802
-0.025854
5.847664
17.999625
13.743055
1.458298
3.524570
-1.543207
-7.509789
22.608212
8.039621
7.915903
3.486204
3.403679
-8.699720
8.773748
18.010445
4.680166
1.545326
1.573914
-0.383311
0.370818
18.704091
3.657009
12.085668
1.486960
-11.705661
12.223710
13.970222
8.682686
1.626152
-3.114137
4.601721
8.940973
16.416526
4.208578
1.415591
1.576456
1.826634
23.015212
22.059956
3.010024
5.188427
1.821230
4.930073
8.600776
19.880191
4.497954
1.654865
1.601036
6.900516
18.494008
7.725173
5.976594
5.672518
-0.190167
-0.675330
16.833171
21.644140
4.689828
1.612807
-0.121263
1.044612
15.342183
10.463462
-0.857804
4.097714
-1.555004
-1.105882
23.416103
10.848567
0.972033
2.969225
1.198190
0.506354
3.746393
8.315991
1.913842
9.365398
-1.215051
-7.858618
5.428740
14.025144
1.676007
3.079979
1.663594
5.594870
25.050447
5.353613
9.635887
5.461931
0.841841
0.283641
19.469635
14.586102
0.674738
7.913590
1.722909
-0.760590
2.630085
9.044012
3.728838
2.008821
-2.502504
5.724921
24.187095
24.331472
4.418172
6.896799
0.309770
-0.531020
14.387629
15.288482
1.543082
0.485139
-1.105007
2.257428
23.437855
13.492749
6.584819
3.062237
-2.263285
0.841965
20.882723
27.958914
9.873130
5.246156
0.395327
-8.364948
22.563245
20.006887
9.132535
4.647358
-1.207833
-0.240361
24.618388
16.758437
1.064229
7.314049
-0.823457
-8.371568
10.166890
14.379714
2.457374
1.176388
0.145074
-5.048539
21.969010
2.175178
10.780536
3.685846
-2.827118
0.763449
1.309681
3.811033
5.781405
10.272868
1.783965
5.412098
10.886105
14.412206
0.974538
2.320644
1.735460
0.434915
19.415999
22.877920
3.361111
0.840862
-3.002278
-1.740967
25.660956
10.098352
2.682490
1.344656
-0.253068
